50
81
81
50
16
37
59
56
82
0
6
43
26
26
87
63
28
29
63
43
44
56
82
83
27
75
44
8
85
8
80
80
59
46
46
48
61
87
37
37
93
75
49
88
93
96
88
96
13
18
22
21
21
47
45
29
7
79
83
76
82
61
57
26
61
61
72
47
54
54
16
31
21
20
14
4
5
13
98
82
20
15
7
72
54
13
72
37
61
98
87
87
98
15
37
89
13
89
13
13
13
26
26
32
61
38
25
44
72
72
8
14
28
27
45
60
72
67
71
59
45
85
27
82
82
81
8
35
7
72
35
28
14
17
67
17
7
8
10
3
10
41
47
66
67
47
48
26
45
59
59
60
94
41
9
90
83
30
42
5
83
90
27
61
90
90
61
66
65
36
59
59
9
65
25
67
37
94
96
86
3
15
83
59
65
86
17
0
38
84
40
86
20
96
90
9
9
95
96
38
16
18
10
36
97
95
99
59
57
20
20
83
58
59
60
27
27
27
36
34
82
86
79
78
27
18
10
58
10
99
38
18
57
61
90
92
86
56
54
42
48
20
30
30
41
0
48
51
51
86
11
45
44
6
44
11
7
45
6
20
6
85
76
54
92
8
14
1
90
0
20
16
12
48
85
77
85
40
78
91
71
72
71
73
27
15
44
16
49
47
91
21
47
5
99
1
5
4
2
73
67
63
4
4
96
80
81
91
91
63
68
6
21
21
20
96
92
97
96
62
27
4
40
4
40
36
22
38
40
4
1
47
63
22
16
63
64
99
15
95
81
16
22
19
21
4
47
72
3
6
98
36
34
47
38
98
92
89
72
36
10
10
20
8
1
98
92
71
74
71
97
31
88
89
55
74
91
45
73
72
73
1
1
1
23
23
55
89
2
16
2
44
44
36
0
31
31
73
71
72
99
88
64
68
70
70
70
14
12
23
95
92
6
91
90
92
64
70
95
36
10
99
94
45
45
96
6
96
91
5
5
94
92
89
49
49
92
29
44
23
23
24
25
45
10
79
19
25
16
80
94
35
17
30
25
35
95
19
24
65
80
23
35
25
45
43
14
80
93
80
14
85
81
38
16
80
79
0
0
31
31
13
5
0
3
43
39
95
95
92
94
85
85
86
39
78
75
70
37
70
84
69
73
84
78
72
66
64
67
40
35
63
71
71
30
40
79
47
64
64
55
46
40
51
51
69
70
3
13
56
56
70
51
57
77
41
34
23
77
79
78
93
25
25
31
41
92
38
25
89
65
69
54
15
27
51
99
23
89
33
88
34
24
78
14
2
94
80
86
91
14
81
83
99
86
77
88
34
33
33
37
41
77
84
69
70
99
31
41
88
88
70
90
77
89
77
77
89
41
30
40
81
72
42
40
41
19
23
41
13
28
88
72
73
73
5
42
71
66
38
90
70
5
74
74
67
64
73
67
82
34
99
39
6
6
82
84
86
79
28
5
19
34
24
10
62
8
8
79
62
65
67
8
24
52
49
31
77
37
28
24
31
49
92
88
80
79
55
90
31
90
53
53
62
8
7
8
74
78
23
42
64
33
74
21
68
71
64
74
37
77
28
71
53
90
98
68
69
39
39
7
38
39
73
51
33
24
33
33
71
51
16
7
52
98
6
14
89
90
98
48
92
89
45
43
49
21
59
68
21
57
75
24
40
32
22
42
48
28
40
24
60
50
14
50
39
74
68
43
78
88
45
14
85
52
52
48
83
81
5
45
32
32
57
58
28
68
12
3
70
74
27
50
38
42
50
58
58
60
86
25
32
98
84
84
17
86
59
63
63
69
22
15
68
41
12
75
96
56
52
69
56
89
21
51
51
61
45
32
43
31
27
45
44
53
60
3
10
6
63
17
75
77
25
97
27
17
5
79
56
12
56
98
57
21
27
12
1
53
0
26
52
98
16
77
1
7
58
99
43
67
95
93
84
48
99
57
48
20
52
74
22
46
2
22
46
41
31
32
17
0
33
32
0
2
20
69
63
63
57
86
37
19
97
79
85
77
15
17
92
91
17
94
43
32
42
97
43
15
91
89
20
92
92
89
91
47
85
63
79
89
33
42
19
76
88
88
68
74
51
75
75
43
97
26
29
84
22
84
80
76
74
67
46
22
21
8
57
97
97
41
2
93
53
2
63
54
2
42
50
50
52
70
52
37
22
24
57
61
10
93
59
48
39
10
58
54
17
61
13
55
57
13
58
53
69
12
7
4
99
42
46
8
96
91
77
8
76
91
29
26
88
55
10
55
87
34
35
35
68
42
44
39
69
97
47
11
11
7
63
73
13
11
62
73
3
28
28
11
74
71
17
97
76
17
24
35
73
74
38
28
11
93
87
96
99
25
37
78
28
80
70
32
68
62
55
64
76
7
22
30
40
29
29
7
9
87
76
76
42
29
29
29
97
93
61
97
97
31
75
76
26
29
99
24
96
61
14
48
62
55
60
60
43
11
30
11
42
30
96
30
98
62
26
61
61
30
26
3
58
93
7
34
7
10
11
37
11
87
87
9
15
19
38
83
60
87
19
55
19
11
3
3
55
5
52
52
3
52
59
4
40
48
82
19
34
5
2
44
76
91
97
54
44
54
2
84
49
29
14
6
29
93
2
23
34
19
44
60
58
12
12
60
2
56
87
75
11
98
94
82
94
55
34
58
54
67
1
12
32
49
54
55
82
85
87
79
48
33
18
85
82
52
51
78
23
32
85
62
62
94
33
2
53
93
30
30
85
75
34
49
23
21
5
76
1
23
40
39
22
12
60
35
30
62
30
35
1
75
15
65
19
12
99
39
46
71
73
19
9
15
15
19
42
58
86
83
65
65
26
20
71
84
83
78
26
81
86
98
35
41
58
65
35
84
84
73
67
67
81
81
82
60
58
93
35
33
18
15
9
9
46
32
49
39
82
55
38
78
87
83
43
43
49
84
36
33
83
24
20
24
83
24
66
66
35
64
64
16
22
36
12
95
9
17
17
46
94
64
64
68
69
47
9
78
28
9
54
58
9
9
58
11
94
78
33
6
52
95
69
29
76
74
65
69
47
78
56
46
22
56
54
18
46
53
53
59
80
56
51
46
11
46
4
77
95
94
56
1
75
76
46
50
76
47
48
79
3
65
65
66
66
83
65
80
66
1
0
66
49
36
95
66
13
13
36
54
26
18
39
81
18
60
50
55
66
18
50
2
3
4
36
50
52
39
39
93
53
57
57
66
33
24
5
69
95
49
23
69
49
25
51
53
70
53
38
50
34
12
14
60
16
16
18
4
67
50
68
62
9
68
62
81
91
18
87
18
80
62
66
95
95
53
18
29
25
28
41
75
4
51
66
0
36
32
15
0
32
4
34
36
79
65
64
