98 4784 001
1 6 2 14 3 12 4 12 5 12 6 15 7 12 8 14 9 12 10 12 11 12 12 12 13 12 14 14 15 12 16 12 17 15 18 12 19 12 20 12 21 13 22 12 23 12 24 12 25 12 26 12 27 14 28 12 29 14 30 14 31 12 32 12 33 14 34 12 35 12 36 12 37 14 38 12 39 12 40 12 41 12 42 12 43 12 44 12 45 12 46 12 47 14 48 12 49 14 50 12 51 12 52 12 53 12 54 14 55 12 56 14 57 12 58 14 59 12 60 12 61 12 62 12 63 12 64 12 65 12 66 13 67 12 68 12 69 12 70 14 71 12 72 13 73 12 74 12 75 12 76 12 77 12 78 12 79 12 80 14 81 12 82 12 83 12 84 12 85 12 86 12 87 12 88 14 89 13 90 12 91 12 92 12 93 7 94 6 95 7 96 8 97 9 98 6
1 14 2 6 3 12 4 12 5 12 6 15 7 12 8 14 9 12 10 12 11 12 12 12 13 12 14 14 15 12 16 12 17 15 18 12 19 12 20 12 21 13 22 12 23 12 24 12 25 12 26 12 27 14 28 12 29 14 30 14 31 12 32 12 33 14 34 12 35 12 36 12 37 14 38 12 39 12 40 12 41 12 42 12 43 12 44 12 45 12 46 12 47 14 48 12 49 14 50 12 51 12 52 12 53 12 54 14 55 12 56 14 57 12 58 14 59 12 60 12 61 12 62 12 63 12 64 12 65 12 66 13 67 12 68 12 69 12 70 14 71 12 72 13 73 12 74 12 75 12 76 12 77 12 78 12 79 12 80 14 81 12 82 12 83 12 84 12 85 12 86 12 87 12 88 14 89 13 90 12 91 12 92 12 93 7 94 6 95 7 96 8 97 9 98 6
1 12 2 12 3 6 4 12 5 12 6 15 7 12 8 14 9 12 10 13 11 14 12 12 13 12 14 14 15 12 16 12 17 15 18 12 19 12 20 12 21 12 22 12 23 12 24 12 25 12 26 12 27 14 28 12 29 14 30 12 31 12 32 12 33 14 34 12 35 12 36 12 37 14 38 12 39 12 40 12 41 12 42 12 43 12 44 12 45 12 46 12 47 14 48 12 49 14 50 12 51 12 52 12 53 12 54 14 55 12 56 14 57 12 58 12 59 12 60 12 61 12 62 12 63 12 64 12 65 12 66 13 67 12 68 12 69 12 70 14 71 12 72 13 73 14 74 12 75 12 76 12 77 12 78 12 79 12 80 14 81 12 82 12 83 12 84 12 85 12 86 12 87 12 88 12 89 13 90 12 91 12 92 14 93 7 94 6 95 7 96 8 97 9 98 6
1 12 2 12 3 12 4 6 5 12 6 15 7 12 8 14 9 12 10 12 11 12 12 12 13 12 14 14 15 12 16 12 17 15 18 12 19 12 20 12 21 12 22 12 23 12 24 12 25 12 26 12 27 14 28 12 29 14 30 12 31 12 32 12 33 14 34 12 35 12 36 12 37 14 38 12 39 12 40 12 41 12 42 12 43 12 44 12 45 12 46 12 47 14 48 12 49 14 50 12 51 12 52 12 53 12 54 14 55 12 56 14 57 12 58 12 59 12 60 12 61 12 62 12 63 12 64 12 65 12 66 13 67 12 68 12 69 12 70 14 71 12 72 13 73 12 74 12 75 13 76 12 77 12 78 12 79 12 80 14 81 12 82 12 83 12 84 12 85 12 86 12 87 12 88 12 89 13 90 12 91 12 92 12 93 7 94 6 95 7 96 8 97 9 98 6
1 12 2 12 3 12 4 12 5 6 6 15 7 13 8 14 9 12 10 12 11 12 12 12 13 12 14 14 15 12 16 12 17 15 18 12 19 12 20 12 21 12 22 12 23 12 24 12 25 12 26 12 27 14 28 12 29 14 30 12 31 12 32 12 33 14 34 12 35 12 36 12 37 14 38 12 39 12 40 12 41 12 42 12 43 12 44 12 45 12 46 12 47 14 48 12 49 14 50 12 51 12 52 12 53 12 54 14 55 12 56 14 57 12 58 12 59 12 60 12 61 12 62 12 63 12 64 12 65 12 66 13 67 12 68 12 69 12 70 14 71 12 72 13 73 12 74 12 75 12 76 12 77 12 78 12 79 12 80 14 81 12 82 12 83 12 84 12 85 12 86 12 87 12 88 12 89 13 90 12 91 12 92 12 93 7 94 6 95 7 96 8 97 9 98 6
1 15 2 15 3 15 4 15 5 15 6 9 7 15 8 17 9 15 10 15 11 15 12 15 13 15 14 17 15 15 16 15 17 18 18 15 19 15 20 15 21 15 22 15 23 15 24 15 25 15 26 15 27 17 28 15 29 17 30 15 31 15 32 15 33 17 34 15 35 15 36 15 37 17 38 15 39 15 40 15 41 15 42 15 43 15 44 15 45 15 46 15 47 17 48 15 49 17 50 15 51 15 52 15 53 15 54 17 55 15 56 17 57 15 58 15 59 15 60 15 61 15 62 15 63 15 64 15 65 15 66 16 67 15 68 15 69 15 70 17 71 15 72 16 73 15 74 15 75 15 76 15 77 15 78 15 79 15 80 17 81 15 82 15 83 15 84 15 85 15 86 15 87 15 88 15 89 16 90 15 91 15 92 15 93 8 94 7 95 8 96 9 97 10 98 7
1 12 2 12 3 12 4 12 5 13 6 15 7 6 8 14 9 12 10 12 11 12 12 12 13 12 14 14 15 13 16 12 17 15 18 12 19 12 20 12 21 12 22 12 23 12 24 12 25 12 26 12 27 14 28 12 29 14 30 12 31 12 32 12 33 14 34 12 35 12 36 12 37 14 38 12 39 12 40 12 41 12 42 12 43 12 44 12 45 12 46 12 47 14 48 12 49 14 50 12 51 12 52 12 53 12 54 14 55 12 56 14 57 12 58 12 59 12 60 12 61 12 62 12 63 12 64 12 65 12 66 13 67 12 68 12 69 12 70 14 71 12 72 13 73 12 74 12 75 12 76 12 77 12 78 12 79 12 80 14 81 12 82 12 83 12 84 12 85 12 86 12 87 12 88 12 89 13 90 12 91 12 92 12 93 7 94 6 95 7 96 8 97 9 98 6
1 14 2 14 3 14 4 14 5 14 6 17 7 14 8 8 9 14 10 14 11 14 12 14 13 14 14 16 15 14 16 14 17 17 18 14 19 14 20 14 21 14 22 14 23 14 24 14 25 14 26 14 27 16 28 14 29 18 30 14 31 14 32 14 33 16 34 14 35 14 36 14 37 16 38 14 39 14 40 14 41 14 42 14 43 14 44 14 45 14 46 15 47 16 48 14 49 16 50 14 51 14 52 14 53 14 54 16 55 14 56 18 57 14 58 14 59 14 60 14 61 14 62 14 63 14 64 14 65 14 66 15 67 14 68 14 69 14 70 16 71 14 72 15 73 14 74 14 75 14 76 14 77 14 78 14 79 14 80 16 81 14 82 14 83 14 84 14 85 14 86 14 87 14 88 14 89 15 90 14 91 14 92 14 93 8 94 7 95 8 96 9 97 10 98 7
1 12 2 12 3 12 4 12 5 12 6 15 7 12 8 14 9 6 10 14 11 12 12 12 13 12 14 14 15 12 16 12 17 15 18 12 19 12 20 12 21 14 22 12 23 12 24 14 25 12 26 12 27 14 28 12 29 14 30 12 31 13 32 12 33 14 34 13 35 13 36 12 37 14 38 12 39 12 40 12 41 12 42 12 43 12 44 12 45 12 46 12 47 14 48 12 49 14 50 12 51 12 52 12 53 12 54 14 55 12 56 14 57 12 58 12 59 12 60 12 61 12 62 12 63 12 64 13 65 12 66 13 67 12 68 12 69 12 70 14 71 12 72 13 73 12 74 12 75 12 76 12 77 13 78 12 79 12 80 14 81 14 82 12 83 12 84 12 85 13 86 12 87 12 88 12 89 13 90 12 91 12 92 12 93 7 94 6 95 7 96 8 97 9 98 6
1 12 2 12 3 13 4 12 5 12 6 15 7 12 8 14 9 14 10 6 11 13 12 12 13 12 14 14 15 12 16 12 17 15 18 12 19 12 20 12 21 14 22 12 23 12 24 14 25 12 26 12 27 14 28 12 29 14 30 12 31 12 32 12 33 14 34 12 35 12 36 12 37 14 38 12 39 12 40 12 41 12 42 12 43 12 44 12 45 12 46 12 47 14 48 12 49 14 50 12 51 12 52 12 53 12 54 14 55 12 56 14 57 12 58 12 59 12 60 12 61 12 62 12 63 12 64 13 65 12 66 13 67 12 68 12 69 12 70 14 71 12 72 13 73 13 74 12 75 12 76 12 77 12 78 12 79 12 80 14 81 14 82 12 83 12 84 12 85 12 86 12 87 12 88 12 89 13 90 12 91 12 92 13 93 7 94 6 95 7 96 8 97 9 98 6
1 12 2 12 3 14 4 12 5 12 6 15 7 12 8 14 9 12 10 13 11 6 12 12 13 12 14 14 15 12 16 12 17 15 18 12 19 12 20 12 21 12 22 12 23 12 24 12 25 12 26 12 27 14 28 12 29 14 30 12 31 12 32 12 33 14 34 12 35 12 36 12 37 14 38 12 39 12 40 12 41 12 42 12 43 12 44 12 45 12 46 12 47 14 48 12 49 14 50 12 51 12 52 12 53 12 54 14 55 12 56 14 57 12 58 12 59 12 60 12 61 12 62 12 63 12 64 12 65 12 66 13 67 12 68 12 69 12 70 14 71 12 72 13 73 14 74 12 75 12 76 12 77 12 78 12 79 12 80 14 81 12 82 12 83 12 84 12 85 12 86 12 87 12 88 12 89 13 90 12 91 12 92 14 93 7 94 6 95 7 96 8 97 9 98 6
1 12 2 12 3 12 4 12 5 12 6 15 7 12 8 14 9 12 10 12 11 12 12 6 13 12 14 14 15 12 16 12 17 15 18 12 19 12 20 12 21 12 22 12 23 12 24 12 25 12 26 12 27 14 28 12 29 14 30 12 31 12 32 12 33 14 34 12 35 12 36 12 37 14 38 12 39 12 40 12 41 12 42 12 43 12 44 12 45 12 46 12 47 14 48 12 49 14 50 12 51 12 52 12 53 12 54 14 55 12 56 14 57 12 58 12 59 12 60 12 61 13 62 12 63 12 64 12 65 12 66 13 67 12 68 12 69 12 70 14 71 12 72 13 73 12 74 12 75 12 76 12 77 12 78 12 79 12 80 14 81 12 82 12 83 12 84 12 85 12 86 12 87 12 88 12 89 13 90 12 91 12 92 12 93 7 94 6 95 7 96 8 97 9 98 6
1 12 2 12 3 12 4 12 5 12 6 15 7 12 8 14 9 12 10 12 11 12 12 12 13 6 14 14 15 12 16 12 17 15 18 12 19 12 20 12 21 12 22 12 23 12 24 12 25 12 26 12 27 14 28 12 29 14 30 12 31 12 32 12 33 14 34 12 35 12 36 12 37 14 38 12 39 12 40 12 41 12 42 12 43 12 44 12 45 12 46 12 47 14 48 12 49 14 50 12 51 12 52 12 53 12 54 14 55 12 56 14 57 12 58 12 59 12 60 12 61 12 62 12 63 12 64 12 65 12 66 13 67 12 68 12 69 12 70 14 71 12 72 13 73 12 74 12 75 12 76 12 77 12 78 12 79 12 80 14 81 12 82 12 83 12 84 12 85 12 86 12 87 12 88 12 89 13 90 12 91 12 92 12 93 7 94 6 95 7 96 8 97 9 98 6
1 14 2 14 3 14 4 14 5 14 6 17 7 14 8 16 9 14 10 14 11 14 12 14 13 14 14 8 15 14 16 14 17 17 18 14 19 14 20 14 21 14 22 14 23 14 24 14 25 14 26 14 27 16 28 14 29 16 30 14 31 14 32 14 33 16 34 14 35 14 36 14 37 16 38 14 39 14 40 14 41 14 42 14 43 14 44 14 45 14 46 14 47 16 48 14 49 16 50 14 51 14 52 14 53 14 54 16 55 14 56 16 57 14 58 14 59 14 60 14 61 14 62 14 63 14 64 16 65 14 66 15 67 14 68 14 69 14 70 16 71 14 72 15 73 14 74 14 75 14 76 14 77 14 78 14 79 14 80 16 81 14 82 14 83 14 84 14 85 14 86 14 87 14 88 14 89 15 90 14 91 14 92 14 93 8 94 7 95 8 96 9 97 10 98 7
1 12 2 12 3 12 4 12 5 12 6 15 7 13 8 14 9 12 10 12 11 12 12 12 13 12 14 14 15 6 16 12 17 15 18 12 19 12 20 12 21 12 22 12 23 12 24 12 25 12 26 13 27 14 28 12 29 14 30 12 31 12 32 12 33 14 34 12 35 12 36 12 37 14 38 12 39 12 40 12 41 12 42 12 43 12 44 12 45 12 46 12 47 14 48 12 49 14 50 12 51 12 52 12 53 12 54 14 55 12 56 14 57 12 58 12 59 12 60 12 61 12 62 12 63 12 64 12 65 13 66 13 67 12 68 12 69 12 70 14 71 12 72 13 73 12 74 13 75 12 76 12 77 12 78 12 79 12 80 14 81 12 82 12 83 12 84 12 85 12 86 12 87 12 88 12 89 13 90 12 91 12 92 12 93 7 94 6 95 7 96 8 97 9 98 6
1 12 2 12 3 12 4 12 5 12 6 15 7 12 8 14 9 12 10 12 11 12 12 12 13 12 14 14 15 12 16 6 17 15 18 12 19 12 20 12 21 12 22 12 23 12 24 13 25 14 26 12 27 14 28 12 29 14 30 12 31 12 32 12 33 14 34 12 35 12 36 12 37 14 38 14 39 12 40 12 41 12 42 12 43 14 44 12 45 12 46 12 47 14 48 12 49 14 50 12 51 12 52 12 53 12 54 14 55 12 56 14 57 12 58 12 59 12 60 12 61 12 62 12 63 12 64 12 65 12 66 13 67 12 68 12 69 12 70 14 71 12 72 13 73 12 74 12 75 12 76 12 77 12 78 12 79 12 80 14 81 12 82 12 83 12 84 12 85 12 86 12 87 12 88 12 89 13 90 12 91 12 92 12 93 7 94 6 95 7 96 8 97 9 98 6
1 15 2 15 3 15 4 15 5 15 6 18 7 15 8 17 9 15 10 15 11 15 12 15 13 15 14 17 15 15 16 15 17 9 18 15 19 15 20 15 21 15 22 15 23 15 24 15 25 15 26 15 27 17 28 15 29 17 30 15 31 15 32 15 33 17 34 15 35 15 36 15 37 17 38 15 39 15 40 15 41 15 42 15 43 15 44 15 45 15 46 15 47 17 48 15 49 17 50 15 51 15 52 15 53 15 54 17 55 15 56 17 57 15 58 15 59 15 60 15 61 15 62 15 63 15 64 15 65 15 66 16 67 15 68 15 69 15 70 17 71 15 72 16 73 15 74 15 75 15 76 15 77 15 78 15 79 15 80 17 81 15 82 15 83 15 84 15 85 15 86 15 87 15 88 15 89 16 90 15 91 15 92 15 93 9 94 8 95 9 96 10 97 11 98 8
1 12 2 12 3 12 4 12 5 12 6 15 7 12 8 14 9 12 10 12 11 12 12 12 13 12 14 14 15 12 16 12 17 15 18 6 19 12 20 12 21 12 22 12 23 12 24 12 25 12 26 12 27 14 28 12 29 14 30 12 31 12 32 12 33 14 34 12 35 12 36 12 37 14 38 12 39 12 40 12 41 12 42 12 43 12 44 12 45 12 46 12 47 14 48 12 49 14 50 12 51 12 52 12 53 12 54 14 55 12 56 14 57 12 58 12 59 12 60 12 61 12 62 12 63 12 64 12 65 12 66 13 67 12 68 12 69 12 70 14 71 12 72 13 73 12 74 12 75 12 76 12 77 12 78 12 79 12 80 14 81 12 82 12 83 12 84 12 85 12 86 12 87 12 88 12 89 13 90 12 91 12 92 12 93 7 94 6 95 7 96 8 97 9 98 6
1 12 2 12 3 12 4 12 5 12 6 15 7 12 8 14 9 12 10 12 11 12 12 12 13 12 14 14 15 12 16 12 17 15 18 12 19 6 20 12 21 12 22 12 23 12 24 12 25 12 26 12 27 14 28 12 29 14 30 12 31 12 32 12 33 14 34 12 35 12 36 12 37 14 38 12 39 12 40 12 41 12 42 12 43 12 44 12 45 12 46 12 47 14 48 12 49 14 50 12 51 12 52 12 53 12 54 14 55 12 56 14 57 12 58 12 59 12 60 12 61 13 62 12 63 12 64 12 65 12 66 13 67 12 68 12 69 12 70 14 71 12 72 13 73 12 74 12 75 12 76 12 77 12 78 12 79 12 80 14 81 12 82 12 83 12 84 12 85 12 86 12 87 12 88 12 89 13 90 12 91 12 92 12 93 7 94 6 95 7 96 8 97 9 98 6
1 12 2 12 3 12 4 12 5 12 6 15 7 12 8 14 9 12 10 12 11 12 12 12 13 12 14 14 15 12 16 12 17 15 18 12 19 12 20 6 21 12 22 12 23 12 24 12 25 12 26 12 27 14 28 12 29 14 30 12 31 12 32 12 33 14 34 12 35 12 36 12 37 14 38 12 39 12 40 12 41 12 42 12 43 12 44 12 45 12 46 12 47 14 48 12 49 14 50 12 51 12 52 12 53 12 54 14 55 12 56 14 57 12 58 12 59 12 60 12 61 13 62 12 63 12 64 12 65 12 66 13 67 12 68 12 69 12 70 14 71 12 72 13 73 12 74 12 75 12 76 12 77 12 78 12 79 12 80 14 81 12 82 12 83 12 84 12 85 12 86 12 87 12 88 12 89 13 90 12 91 12 92 12 93 7 94 6 95 7 96 8 97 9 98 6
1 13 2 13 3 12 4 12 5 12 6 15 7 12 8 14 9 14 10 14 11 12 12 12 13 12 14 14 15 12 16 12 17 15 18 12 19 12 20 12 21 6 22 12 23 12 24 14 25 12 26 12 27 14 28 12 29 14 30 13 31 12 32 12 33 14 34 12 35 12 36 12 37 14 38 12 39 12 40 12 41 12 42 12 43 12 44 12 45 12 46 12 47 14 48 12 49 14 50 12 51 12 52 12 53 12 54 14 55 12 56 14 57 12 58 13 59 12 60 12 61 12 62 12 63 12 64 13 65 12 66 13 67 12 68 12 69 12 70 14 71 12 72 13 73 12 74 12 75 12 76 12 77 12 78 12 79 12 80 14 81 14 82 12 83 12 84 12 85 12 86 12 87 12 88 13 89 13 90 12 91 12 92 12 93 7 94 6 95 7 96 8 97 9 98 6
1 12 2 12 3 12 4 12 5 12 6 15 7 12 8 14 9 12 10 12 11 12 12 12 13 12 14 14 15 12 16 12 17 15 18 12 19 12 20 12 21 12 22 6 23 12 24 12 25 12 26 12 27 14 28 12 29 14 30 12 31 12 32 12 33 14 34 12 35 12 36 12 37 14 38 12 39 12 40 12 41 12 42 13 43 12 44 12 45 12 46 12 47 14 48 12 49 14 50 12 51 12 52 12 53 12 54 14 55 12 56 14 57 12 58 12 59 12 60 12 61 12 62 12 63 12 64 12 65 12 66 13 67 12 68 12 69 12 70 14 71 12 72 13 73 12 74 12 75 12 76 12 77 12 78 12 79 12 80 14 81 12 82 12 83 12 84 12 85 12 86 12 87 12 88 12 89 13 90 12 91 12 92 12 93 7 94 6 95 7 96 8 97 9 98 6
1 12 2 12 3 12 4 12 5 12 6 15 7 12 8 14 9 12 10 12 11 12 12 12 13 12 14 14 15 12 16 12 17 15 18 12 19 12 20 12 21 12 22 12 23 6 24 12 25 12 26 12 27 14 28 12 29 14 30 12 31 12 32 12 33 14 34 12 35 12 36 12 37 14 38 12 39 12 40 12 41 12 42 12 43 12 44 12 45 12 46 12 47 14 48 12 49 14 50 12 51 12 52 12 53 12 54 14 55 12 56 14 57 12 58 12 59 12 60 12 61 13 62 12 63 12 64 12 65 12 66 13 67 12 68 12 69 12 70 14 71 12 72 13 73 12 74 12 75 12 76 12 77 12 78 12 79 12 80 14 81 12 82 12 83 12 84 12 85 12 86 12 87 12 88 12 89 13 90 12 91 12 92 12 93 7 94 6 95 7 96 8 97 9 98 6
1 12 2 12 3 12 4 12 5 12 6 15 7 12 8 14 9 14 10 14 11 12 12 12 13 12 14 14 15 12 16 13 17 15 18 12 19 12 20 12 21 14 22 12 23 12 24 6 25 13 26 12 27 14 28 12 29 14 30 12 31 12 32 12 33 14 34 12 35 12 36 12 37 14 38 13 39 12 40 12 41 12 42 12 43 13 44 12 45 12 46 12 47 14 48 12 49 14 50 12 51 12 52 12 53 12 54 14 55 12 56 14 57 12 58 12 59 12 60 12 61 12 62 12 63 12 64 13 65 12 66 13 67 12 68 12 69 12 70 14 71 12 72 13 73 12 74 12 75 12 76 12 77 12 78 12 79 12 80 14 81 14 82 12 83 12 84 12 85 12 86 12 87 12 88 12 89 13 90 12 91 12 92 12 93 7 94 6 95 7 96 8 97 9 98 6
1 12 2 12 3 12 4 12 5 12 6 15 7 12 8 14 9 12 10 12 11 12 12 12 13 12 14 14 15 12 16 14 17 15 18 12 19 12 20 12 21 12 22 12 23 12 24 13 25 6 26 12 27 14 28 12 29 14 30 12 31 12 32 12 33 14 34 12 35 12 36 12 37 14 38 14 39 12 40 12 41 12 42 12 43 14 44 12 45 12 46 12 47 14 48 12 49 14 50 12 51 12 52 12 53 12 54 14 55 12 56 14 57 12 58 12 59 12 60 12 61 12 62 12 63 12 64 12 65 12 66 13 67 12 68 12 69 12 70 14 71 12 72 13 73 12 74 12 75 12 76 12 77 12 78 12 79 12 80 14 81 12 82 12 83 12 84 12 85 12 86 12 87 12 88 12 89 13 90 12 91 12 92 12 93 7 94 6 95 7 96 8 97 9 98 6
1 12 2 12 3 12 4 12 5 12 6 15 7 12 8 14 9 12 10 12 11 12 12 12 13 12 14 14 15 13 16 12 17 15 18 12 19 12 20 12 21 12 22 12 23 12 24 12 25 12 26 6 27 14 28 12 29 14 30 12 31 12 32 12 33 14 34 12 35 12 36 12 37 14 38 12 39 12 40 12 41 12 42 12 43 12 44 12 45 12 46 12 47 14 48 12 49 14 50 12 51 12 52 12 53 12 54 14 55 12 56 14 57 12 58 12 59 12 60 12 61 12 62 12 63 12 64 12 65 12 66 13 67 12 68 12 69 12 70 14 71 12 72 13 73 12 74 12 75 12 76 12 77 12 78 12 79 12 80 14 81 12 82 12 83 12 84 12 85 12 86 12 87 12 88 12 89 13 90 12 91 12 92 12 93 7 94 6 95 7 96 8 97 9 98 6
1 14 2 14 3 14 4 14 5 14 6 17 7 14 8 16 9 14 10 14 11 14 12 14 13 14 14 16 15 14 16 14 17 17 18 14 19 14 20 14 21 14 22 14 23 14 24 14 25 14 26 14 27 8 28 14 29 16 30 14 31 14 32 14 33 16 34 14 35 14 36 14 37 16 38 14 39 14 40 14 41 14 42 14 43 14 44 14 45 14 46 14 47 16 48 14 49 16 50 14 51 14 52 14 53 14 54 16 55 14 56 16 57 14 58 14 59 14 60 14 61 14 62 14 63 14 64 14 65 14 66 15 67 14 68 14 69 14 70 16 71 14 72 15 73 14 74 14 75 14 76 14 77 14 78 14 79 14 80 16 81 14 82 14 83 14 84 14 85 14 86 14 87 14 88 14 89 15 90 14 91 14 92 14 93 8 94 7 95 8 96 9 97 10 98 7
1 12 2 12 3 12 4 12 5 12 6 15 7 12 8 14 9 12 10 12 11 12 12 12 13 12 14 14 15 12 16 12 17 15 18 12 19 12 20 12 21 12 22 12 23 12 24 12 25 12 26 12 27 14 28 6 29 14 30 12 31 12 32 12 33 14 34 12 35 12 36 12 37 14 38 12 39 12 40 12 41 12 42 13 43 12 44 12 45 12 46 12 47 14 48 12 49 14 50 12 51 12 52 12 53 12 54 14 55 12 56 14 57 12 58 12 59 12 60 12 61 12 62 12 63 12 64 12 65 12 66 13 67 12 68 12 69 12 70 14 71 12 72 13 73 12 74 12 75 12 76 12 77 12 78 12 79 12 80 14 81 12 82 12 83 12 84 12 85 12 86 12 87 12 88 12 89 13 90 12 91 12 92 12 93 7 94 6 95 7 96 8 97 9 98 6
1 14 2 14 3 14 4 14 5 14 6 17 7 14 8 18 9 14 10 14 11 14 12 14 13 14 14 16 15 14 16 14 17 17 18 14 19 14 20 14 21 14 22 14 23 14 24 14 25 14 26 14 27 16 28 14 29 8 30 14 31 14 32 14 33 16 34 14 35 14 36 14 37 16 38 14 39 14 40 14 41 14 42 14 43 14 44 14 45 14 46 15 47 16 48 14 49 16 50 14 51 14 52 14 53 14 54 16 55 14 56 18 57 14 58 14 59 14 60 14 61 14 62 14 63 14 64 14 65 14 66 15 67 14 68 14 69 14 70 16 71 14 72 15 73 14 74 14 75 14 76 14 77 14 78 14 79 14 80 16 81 14 82 14 83 14 84 14 85 14 86 14 87 14 88 14 89 15 90 14 91 14 92 14 93 8 94 7 95 8 96 9 97 10 98 7
1 14 2 14 3 12 4 12 5 12 6 15 7 12 8 14 9 12 10 12 11 12 12 12 13 12 14 14 15 12 16 12 17 15 18 12 19 12 20 12 21 13 22 12 23 12 24 12 25 12 26 12 27 14 28 12 29 14 30 6 31 12 32 12 33 14 34 12 35 12 36 12 37 14 38 12 39 12 40 12 41 12 42 12 43 12 44 12 45 12 46 12 47 14 48 12 49 14 50 12 51 12 52 12 53 12 54 14 55 12 56 14 57 12 58 14 59 12 60 12 61 12 62 12 63 12 64 12 65 12 66 13 67 12 68 12 69 12 70 14 71 12 72 13 73 12 74 12 75 12 76 12 77 12 78 12 79 12 80 14 81 12 82 12 83 12 84 12 85 12 86 12 87 12 88 14 89 13 90 12 91 12 92 12 93 7 94 6 95 7 96 8 97 9 98 6
1 12 2 12 3 12 4 12 5 12 6 15 7 12 8 14 9 13 10 12 11 12 12 12 13 12 14 14 15 12 16 12 17 15 18 12 19 12 20 12 21 12 22 12 23 12 24 12 25 12 26 12 27 14 28 12 29 14 30 12 31 6 32 12 33 14 34 14 35 14 36 12 37 14 38 12 39 12 40 12 41 12 42 12 43 12 44 12 45 12 46 12 47 14 48 12 49 14 50 12 51 12 52 12 53 12 54 14 55 12 56 14 57 12 58 12 59 12 60 12 61 12 62 12 63 12 64 12 65 12 66 13 67 12 68 12 69 12 70 14 71 12 72 13 73 12 74 12 75 12 76 12 77 14 78 12 79 12 80 14 81 12 82 12 83 12 84 12 85 14 86 12 87 12 88 12 89 13 90 12 91 12 92 12 93 7 94 6 95 7 96 8 97 9 98 6
1 12 2 12 3 12 4 12 5 12 6 15 7 12 8 14 9 12 10 12 11 12 12 12 13 12 14 14 15 12 16 12 17 15 18 12 19 12 20 12 21 12 22 12 23 12 24 12 25 12 26 12 27 14 28 12 29 14 30 12 31 12 32 6 33 14 34 12 35 12 36 12 37 14 38 12 39 12 40 12 41 12 42 12 43 12 44 12 45 12 46 12 47 14 48 12 49 14 50 12 51 12 52 12 53 12 54 14 55 12 56 14 57 12 58 12 59 12 60 12 61 13 62 12 63 12 64 12 65 12 66 13 67 12 68 12 69 12 70 14 71 12 72 13 73 12 74 12 75 12 76 12 77 12 78 12 79 12 80 14 81 12 82 12 83 12 84 12 85 12 86 12 87 12 88 12 89 13 90 12 91 12 92 12 93 7 94 6 95 7 96 8 97 9 98 6
1 14 2 14 3 14 4 14 5 14 6 17 7 14 8 16 9 14 10 14 11 14 12 14 13 14 14 16 15 14 16 14 17 17 18 14 19 14 20 14 21 14 22 14 23 14 24 14 25 14 26 14 27 16 28 14 29 16 30 14 31 14 32 14 33 8 34 14 35 14 36 14 37 16 38 14 39 14 40 14 41 14 42 14 43 14 44 14 45 14 46 14 47 16 48 14 49 16 50 14 51 14 52 14 53 14 54 16 55 14 56 16 57 14 58 14 59 14 60 14 61 14 62 14 63 14 64 14 65 14 66 15 67 14 68 14 69 14 70 16 71 14 72 15 73 14 74 14 75 14 76 14 77 14 78 14 79 14 80 16 81 14 82 14 83 14 84 14 85 14 86 14 87 14 88 14 89 15 90 14 91 14 92 14 93 8 94 7 95 8 96 9 97 10 98 7
1 12 2 12 3 12 4 12 5 12 6 15 7 12 8 14 9 13 10 12 11 12 12 12 13 12 14 14 15 12 16 12 17 15 18 12 19 12 20 12 21 12 22 12 23 12 24 12 25 12 26 12 27 14 28 12 29 14 30 12 31 14 32 12 33 14 34 6 35 14 36 12 37 14 38 12 39 12 40 12 41 12 42 12 43 12 44 12 45 12 46 12 47 14 48 12 49 14 50 12 51 12 52 12 53 12 54 14 55 12 56 14 57 12 58 12 59 12 60 12 61 12 62 12 63 12 64 12 65 12 66 13 67 12 68 12 69 12 70 14 71 12 72 13 73 12 74 12 75 12 76 12 77 14 78 12 79 12 80 14 81 12 82 12 83 12 84 12 85 14 86 12 87 12 88 12 89 13 90 12 91 12 92 12 93 7 94 6 95 7 96 8 97 9 98 6
1 12 2 12 3 12 4 12 5 12 6 15 7 12 8 14 9 13 10 12 11 12 12 12 13 12 14 14 15 12 16 12 17 15 18 12 19 12 20 12 21 12 22 12 23 12 24 12 25 12 26 12 27 14 28 12 29 14 30 12 31 14 32 12 33 14 34 14 35 6 36 12 37 14 38 12 39 12 40 12 41 12 42 12 43 12 44 12 45 12 46 12 47 14 48 12 49 14 50 12 51 12 52 12 53 12 54 14 55 12 56 14 57 12 58 12 59 12 60 12 61 12 62 12 63 12 64 12 65 12 66 13 67 12 68 12 69 12 70 14 71 12 72 13 73 12 74 12 75 12 76 12 77 14 78 12 79 12 80 14 81 12 82 12 83 12 84 12 85 14 86 12 87 12 88 12 89 13 90 12 91 12 92 12 93 7 94 6 95 7 96 8 97 9 98 6
1 12 2 12 3 12 4 12 5 12 6 15 7 12 8 14 9 12 10 12 11 12 12 12 13 12 14 14 15 12 16 12 17 15 18 12 19 12 20 12 21 12 22 12 23 12 24 12 25 12 26 12 27 14 28 12 29 14 30 12 31 12 32 12 33 14 34 12 35 12 36 6 37 14 38 12 39 12 40 12 41 12 42 12 43 12 44 12 45 12 46 12 47 14 48 12 49 14 50 12 51 12 52 12 53 12 54 14 55 12 56 14 57 12 58 12 59 12 60 12 61 13 62 12 63 12 64 12 65 12 66 13 67 12 68 12 69 12 70 14 71 12 72 13 73 12 74 12 75 12 76 12 77 12 78 12 79 12 80 14 81 12 82 12 83 12 84 12 85 12 86 12 87 12 88 12 89 13 90 12 91 12 92 12 93 7 94 6 95 7 96 8 97 9 98 6
1 14 2 14 3 14 4 14 5 14 6 17 7 14 8 16 9 14 10 14 11 14 12 14 13 14 14 16 15 14 16 14 17 17 18 14 19 14 20 14 21 14 22 14 23 14 24 14 25 14 26 14 27 16 28 14 29 16 30 14 31 14 32 14 33 16 34 14 35 14 36 14 37 8 38 14 39 14 40 14 41 14 42 14 43 14 44 14 45 14 46 14 47 16 48 14 49 16 50 14 51 14 52 14 53 14 54 16 55 14 56 16 57 14 58 14 59 14 60 14 61 14 62 14 63 14 64 14 65 14 66 15 67 14 68 14 69 14 70 16 71 14 72 15 73 14 74 14 75 14 76 14 77 14 78 14 79 14 80 16 81 14 82 14 83 14 84 14 85 14 86 15 87 14 88 14 89 15 90 14 91 14 92 14 93 8 94 7 95 8 96 9 97 10 98 7
1 12 2 12 3 12 4 12 5 12 6 15 7 12 8 14 9 12 10 12 11 12 12 12 13 12 14 14 15 12 16 14 17 15 18 12 19 12 20 12 21 12 22 12 23 12 24 13 25 14 26 12 27 14 28 12 29 14 30 12 31 12 32 12 33 14 34 12 35 12 36 12 37 14 38 6 39 12 40 12 41 12 42 12 43 14 44 12 45 12 46 12 47 14 48 12 49 14 50 12 51 12 52 12 53 12 54 14 55 12 56 14 57 12 58 12 59 12 60 12 61 12 62 12 63 12 64 12 65 12 66 13 67 12 68 12 69 12 70 14 71 12 72 13 73 12 74 12 75 12 76 12 77 12 78 12 79 12 80 14 81 12 82 12 83 12 84 12 85 12 86 12 87 12 88 12 89 13 90 12 91 12 92 12 93 7 94 6 95 7 96 8 97 9 98 6
1 12 2 12 3 12 4 12 5 12 6 15 7 12 8 14 9 12 10 12 11 12 12 12 13 12 14 14 15 12 16 12 17 15 18 12 19 12 20 12 21 12 22 12 23 12 24 12 25 12 26 12 27 14 28 12 29 14 30 12 31 12 32 12 33 14 34 12 35 12 36 12 37 14 38 12 39 6 40 12 41 12 42 12 43 12 44 13 45 12 46 12 47 14 48 12 49 14 50 12 51 12 52 12 53 12 54 14 55 13 56 14 57 12 58 12 59 12 60 12 61 12 62 12 63 12 64 12 65 12 66 13 67 12 68 12 69 12 70 14 71 12 72 13 73 12 74 13 75 12 76 12 77 12 78 12 79 12 80 14 81 12 82 12 83 12 84 12 85 12 86 12 87 12 88 12 89 13 90 12 91 12 92 12 93 7 94 6 95 7 96 8 97 9 98 6
1 12 2 12 3 12 4 12 5 12 6 15 7 12 8 14 9 12 10 12 11 12 12 12 13 12 14 14 15 12 16 12 17 15 18 12 19 12 20 12 21 12 22 12 23 12 24 12 25 12 26 12 27 14 28 12 29 14 30 12 31 12 32 12 33 14 34 12 35 12 36 12 37 14 38 12 39 12 40 6 41 12 42 12 43 12 44 12 45 12 46 12 47 14 48 12 49 14 50 12 51 12 52 12 53 12 54 14 55 12 56 14 57 12 58 12 59 12 60 12 61 12 62 12 63 13 64 12 65 12 66 13 67 12 68 12 69 12 70 14 71 12 72 14 73 12 74 12 75 12 76 12 77 12 78 12 79 12 80 14 81 12 82 13 83 12 84 12 85 12 86 12 87 12 88 12 89 13 90 12 91 12 92 12 93 7 94 6 95 7 96 8 97 9 98 6
1 12 2 12 3 12 4 12 5 12 6 15 7 12 8 14 9 12 10 12 11 12 12 12 13 12 14 14 15 12 16 12 17 15 18 12 19 12 20 12 21 12 22 12 23 12 24 12 25 12 26 12 27 14 28 12 29 14 30 12 31 12 32 12 33 14 34 12 35 12 36 12 37 14 38 12 39 12 40 12 41 6 42 12 43 12 44 12 45 12 46 12 47 14 48 12 49 14 50 12 51 12 52 12 53 12 54 14 55 12 56 14 57 12 58 12 59 12 60 12 61 12 62 12 63 12 64 12 65 12 66 13 67 12 68 12 69 12 70 14 71 12 72 13 73 12 74 13 75 12 76 12 77 12 78 12 79 12 80 14 81 12 82 12 83 12 84 12 85 12 86 12 87 12 88 12 89 13 90 12 91 12 92 12 93 7 94 6 95 7 96 8 97 9 98 6
1 12 2 12 3 12 4 12 5 12 6 15 7 12 8 14 9 12 10 12 11 12 12 12 13 12 14 14 15 12 16 12 17 15 18 12 19 12 20 12 21 12 22 13 23 12 24 12 25 12 26 12 27 14 28 13 29 14 30 12 31 12 32 12 33 14 34 12 35 12 36 12 37 14 38 12 39 12 40 12 41 12 42 6 43 12 44 12 45 12 46 12 47 14 48 12 49 14 50 12 51 12 52 12 53 12 54 14 55 12 56 14 57 12 58 12 59 12 60 12 61 12 62 12 63 12 64 12 65 12 66 13 67 12 68 12 69 12 70 14 71 12 72 13 73 12 74 12 75 12 76 12 77 12 78 12 79 12 80 14 81 12 82 12 83 12 84 12 85 12 86 12 87 13 88 12 89 13 90 12 91 12 92 12 93 7 94 6 95 7 96 8 97 9 98 6
1 12 2 12 3 12 4 12 5 12 6 15 7 12 8 14 9 12 10 12 11 12 12 12 13 12 14 14 15 12 16 14 17 15 18 12 19 12 20 12 21 12 22 12 23 12 24 13 25 14 26 12 27 14 28 12 29 14 30 12 31 12 32 12 33 14 34 12 35 12 36 12 37 14 38 14 39 12 40 12 41 12 42 12 43 6 44 12 45 12 46 12 47 14 48 12 49 14 50 12 51 12 52 12 53 12 54 14 55 12 56 14 57 12 58 12 59 12 60 12 61 12 62 12 63 12 64 12 65 12 66 13 67 12 68 12 69 12 70 14 71 12 72 13 73 12 74 12 75 12 76 12 77 12 78 12 79 12 80 14 81 12 82 12 83 12 84 12 85 12 86 12 87 12 88 12 89 13 90 12 91 12 92 12 93 7 94 6 95 7 96 8 97 9 98 6
1 12 2 12 3 12 4 12 5 12 6 15 7 12 8 14 9 12 10 12 11 12 12 12 13 12 14 14 15 12 16 12 17 15 18 12 19 12 20 12 21 12 22 12 23 12 24 12 25 12 26 12 27 14 28 12 29 14 30 12 31 12 32 12 33 14 34 12 35 12 36 12 37 14 38 12 39 13 40 12 41 12 42 12 43 12 44 6 45 12 46 12 47 14 48 12 49 14 50 12 51 12 52 12 53 12 54 14 55 12 56 14 57 12 58 12 59 12 60 12 61 12 62 12 63 12 64 12 65 12 66 13 67 12 68 12 69 12 70 14 71 12 72 13 73 12 74 12 75 12 76 12 77 12 78 12 79 12 80 14 81 12 82 12 83 12 84 12 85 12 86 12 87 12 88 12 89 13 90 12 91 12 92 12 93 7 94 6 95 7 96 8 97 9 98 6
1 12 2 12 3 12 4 12 5 12 6 15 7 12 8 14 9 12 10 12 11 12 12 12 13 12 14 14 15 12 16 12 17 15 18 12 19 12 20 12 21 12 22 12 23 12 24 12 25 12 26 12 27 14 28 12 29 14 30 12 31 12 32 12 33 14 34 12 35 12 36 12 37 14 38 12 39 12 40 12 41 12 42 12 43 12 44 12 45 6 46 12 47 14 48 12 49 14 50 12 51 12 52 12 53 12 54 14 55 12 56 14 57 12 58 12 59 12 60 12 61 12 62 12 63 12 64 12 65 12 66 13 67 12 68 12 69 12 70 14 71 12 72 13 73 12 74 12 75 12 76 12 77 12 78 12 79 12 80 14 81 12 82 12 83 12 84 12 85 12 86 13 87 12 88 12 89 13 90 12 91 12 92 12 93 7 94 6 95 7 96 8 97 9 98 6
1 12 2 12 3 12 4 12 5 12 6 15 7 12 8 15 9 12 10 12 11 12 12 12 13 12 14 14 15 12 16 12 17 15 18 12 19 12 20 12 21 12 22 12 23 12 24 12 25 12 26 12 27 14 28 12 29 15 30 12 31 12 32 12 33 14 34 12 35 12 36 12 37 14 38 12 39 12 40 12 41 12 42 12 43 12 44 12 45 12 46 6 47 14 48 12 49 14 50 12 51 12 52 12 53 12 54 14 55 12 56 15 57 12 58 12 59 12 60 12 61 12 62 12 63 12 64 12 65 12 66 13 67 12 68 12 69 12 70 14 71 12 72 13 73 12 74 12 75 12 76 12 77 12 78 12 79 12 80 14 81 12 82 12 83 12 84 12 85 12 86 12 87 12 88 12 89 13 90 12 91 12 92 12 93 7 94 6 95 7 96 8 97 9 98 6
1 14 2 14 3 14 4 14 5 14 6 17 7 14 8 16 9 14 10 14 11 14 12 14 13 14 14 16 15 14 16 14 17 17 18 14 19 14 20 14 21 14 22 14 23 14 24 14 25 14 26 14 27 16 28 14 29 16 30 14 31 14 32 14 33 16 34 14 35 14 36 14 37 16 38 14 39 14 40 14 41 14 42 14 43 14 44 14 45 14 46 14 47 8 48 14 49 16 50 14 51 14 52 14 53 14 54 16 55 14 56 16 57 14 58 14 59 14 60 14 61 14 62 14 63 14 64 14 65 14 66 15 67 14 68 14 69 14 70 16 71 14 72 15 73 14 74 14 75 14 76 14 77 14 78 14 79 14 80 16 81 14 82 14 83 14 84 14 85 14 86 15 87 14 88 14 89 15 90 14 91 14 92 14 93 8 94 7 95 8 96 9 97 10 98 7
1 12 2 12 3 12 4 12 5 12 6 15 7 12 8 14 9 12 10 12 11 12 12 12 13 12 14 14 15 12 16 12 17 15 18 12 19 12 20 12 21 12 22 12 23 12 24 12 25 12 26 12 27 14 28 12 29 14 30 12 31 12 32 12 33 14 34 12 35 12 36 12 37 14 38 12 39 12 40 12 41 12 42 12 43 12 44 12 45 12 46 12 47 14 48 6 49 14 50 12 51 12 52 12 53 12 54 14 55 12 56 14 57 12 58 12 59 12 60 12 61 12 62 12 63 12 64 12 65 12 66 13 67 12 68 12 69 12 70 14 71 12 72 13 73 12 74 12 75 12 76 12 77 12 78 12 79 12 80 14 81 12 82 12 83 12 84 12 85 12 86 12 87 13 88 12 89 13 90 12 91 12 92 12 93 7 94 6 95 7 96 8 97 9 98 6
1 14 2 14 3 14 4 14 5 14 6 17 7 14 8 16 9 14 10 14 11 14 12 14 13 14 14 16 15 14 16 14 17 17 18 14 19 14 20 14 21 14 22 14 23 14 24 14 25 14 26 14 27 16 28 14 29 16 30 14 31 14 32 14 33 16 34 14 35 14 36 14 37 16 38 14 39 14 40 14 41 14 42 14 43 14 44 14 45 14 46 14 47 16 48 14 49 8 50 14 51 14 52 14 53 14 54 16 55 14 56 16 57 14 58 14 59 14 60 14 61 14 62 14 63 14 64 14 65 14 66 15 67 14 68 14 69 14 70 16 71 14 72 15 73 14 74 14 75 14 76 14 77 14 78 15 79 14 80 16 81 14 82 14 83 14 84 14 85 14 86 15 87 14 88 14 89 15 90 14 91 14 92 14 93 8 94 7 95 8 96 9 97 10 98 7
1 12 2 12 3 12 4 12 5 12 6 15 7 12 8 14 9 12 10 12 11 12 12 12 13 12 14 14 15 12 16 12 17 15 18 12 19 12 20 12 21 12 22 12 23 12 24 12 25 12 26 12 27 14 28 12 29 14 30 12 31 12 32 12 33 14 34 12 35 12 36 12 37 14 38 12 39 12 40 12 41 12 42 12 43 12 44 12 45 12 46 12 47 14 48 12 49 14 50 6 51 12 52 12 53 12 54 14 55 12 56 14 57 12 58 12 59 12 60 12 61 13 62 12 63 12 64 12 65 12 66 13 67 12 68 12 69 12 70 14 71 12 72 13 73 12 74 12 75 12 76 12 77 12 78 12 79 12 80 14 81 12 82 12 83 12 84 12 85 12 86 12 87 12 88 12 89 13 90 12 91 12 92 12 93 7 94 6 95 7 96 8 97 9 98 6
1 12 2 12 3 12 4 12 5 12 6 15 7 12 8 14 9 12 10 12 11 12 12 12 13 12 14 14 15 12 16 12 17 15 18 12 19 12 20 12 21 12 22 12 23 12 24 12 25 12 26 12 27 14 28 12 29 14 30 12 31 12 32 12 33 14 34 12 35 12 36 12 37 14 38 12 39 12 40 12 41 12 42 12 43 12 44 12 45 12 46 12 47 14 48 12 49 14 50 12 51 6 52 12 53 12 54 14 55 12 56 14 57 12 58 12 59 12 60 12 61 12 62 12 63 12 64 12 65 12 66 13 67 12 68 12 69 12 70 14 71 12 72 13 73 12 74 12 75 12 76 13 77 12 78 12 79 12 80 14 81 12 82 12 83 12 84 12 85 12 86 12 87 12 88 12 89 13 90 14 91 12 92 12 93 7 94 6 95 7 96 8 97 9 98 6
1 12 2 12 3 12 4 12 5 12 6 15 7 12 8 14 9 12 10 12 11 12 12 12 13 12 14 14 15 12 16 12 17 15 18 12 19 12 20 12 21 12 22 12 23 12 24 12 25 12 26 12 27 14 28 12 29 14 30 12 31 12 32 12 33 14 34 12 35 12 36 12 37 14 38 12 39 12 40 12 41 12 42 12 43 12 44 12 45 12 46 12 47 14 48 12 49 14 50 12 51 12 52 6 53 12 54 14 55 12 56 14 57 12 58 12 59 12 60 12 61 12 62 12 63 12 64 12 65 12 66 13 67 12 68 12 69 12 70 14 71 13 72 13 73 12 74 12 75 12 76 12 77 12 78 12 79 12 80 14 81 12 82 12 83 12 84 12 85 12 86 12 87 12 88 12 89 13 90 12 91 12 92 12 93 7 94 6 95 7 96 8 97 9 98 6
1 12 2 12 3 12 4 12 5 12 6 15 7 12 8 14 9 12 10 12 11 12 12 12 13 12 14 14 15 12 16 12 17 15 18 12 19 12 20 12 21 12 22 12 23 12 24 12 25 12 26 12 27 14 28 12 29 14 30 12 31 12 32 12 33 14 34 12 35 12 36 12 37 14 38 12 39 12 40 12 41 12 42 12 43 12 44 12 45 12 46 12 47 14 48 12 49 14 50 12 51 12 52 12 53 6 54 14 55 12 56 14 57 12 58 12 59 12 60 12 61 13 62 12 63 12 64 12 65 12 66 13 67 12 68 12 69 12 70 14 71 12 72 13 73 12 74 12 75 12 76 12 77 12 78 12 79 12 80 14 81 12 82 12 83 12 84 12 85 12 86 12 87 12 88 12 89 13 90 12 91 12 92 12 93 7 94 6 95 7 96 8 97 9 98 6
1 14 2 14 3 14 4 14 5 14 6 17 7 14 8 16 9 14 10 14 11 14 12 14 13 14 14 16 15 14 16 14 17 17 18 14 19 14 20 14 21 14 22 14 23 14 24 14 25 14 26 14 27 16 28 14 29 16 30 14 31 14 32 14 33 16 34 14 35 14 36 14 37 16 38 14 39 14 40 14 41 14 42 14 43 14 44 14 45 14 46 14 47 16 48 14 49 16 50 14 51 14 52 14 53 14 54 8 55 14 56 16 57 14 58 14 59 14 60 14 61 14 62 14 63 14 64 14 65 14 66 15 67 14 68 14 69 14 70 16 71 14 72 15 73 14 74 14 75 14 76 14 77 14 78 14 79 14 80 16 81 14 82 14 83 14 84 14 85 14 86 14 87 14 88 14 89 15 90 14 91 14 92 14 93 8 94 7 95 8 96 9 97 10 98 7
1 12 2 12 3 12 4 12 5 12 6 15 7 12 8 14 9 12 10 12 11 12 12 12 13 12 14 14 15 12 16 12 17 15 18 12 19 12 20 12 21 12 22 12 23 12 24 12 25 12 26 12 27 14 28 12 29 14 30 12 31 12 32 12 33 14 34 12 35 12 36 12 37 14 38 12 39 13 40 12 41 12 42 12 43 12 44 12 45 12 46 12 47 14 48 12 49 14 50 12 51 12 52 12 53 12 54 14 55 6 56 14 57 12 58 12 59 12 60 12 61 12 62 12 63 12 64 12 65 12 66 13 67 12 68 12 69 12 70 14 71 12 72 13 73 12 74 12 75 12 76 12 77 12 78 12 79 12 80 14 81 12 82 12 83 12 84 12 85 12 86 12 87 12 88 12 89 13 90 12 91 12 92 12 93 7 94 6 95 7 96 8 97 9 98 6
1 14 2 14 3 14 4 14 5 14 6 17 7 14 8 18 9 14 10 14 11 14 12 14 13 14 14 16 15 14 16 14 17 17 18 14 19 14 20 14 21 14 22 14 23 14 24 14 25 14 26 14 27 16 28 14 29 18 30 14 31 14 32 14 33 16 34 14 35 14 36 14 37 16 38 14 39 14 40 14 41 14 42 14 43 14 44 14 45 14 46 15 47 16 48 14 49 16 50 14 51 14 52 14 53 14 54 16 55 14 56 8 57 14 58 14 59 14 60 14 61 14 62 14 63 14 64 14 65 14 66 15 67 14 68 14 69 14 70 16 71 14 72 15 73 14 74 14 75 14 76 14 77 14 78 14 79 14 80 16 81 14 82 14 83 14 84 14 85 14 86 14 87 14 88 14 89 15 90 14 91 14 92 14 93 8 94 7 95 8 96 9 97 10 98 7
1 12 2 12 3 12 4 12 5 12 6 15 7 12 8 14 9 12 10 12 11 12 12 12 13 12 14 14 15 12 16 12 17 15 18 12 19 12 20 12 21 12 22 12 23 12 24 12 25 12 26 12 27 14 28 12 29 14 30 12 31 12 32 12 33 14 34 12 35 12 36 12 37 14 38 12 39 12 40 12 41 12 42 12 43 12 44 12 45 12 46 12 47 14 48 12 49 14 50 12 51 12 52 12 53 12 54 14 55 12 56 14 57 6 58 12 59 12 60 12 61 12 62 12 63 12 64 12 65 12 66 13 67 12 68 12 69 12 70 14 71 12 72 13 73 12 74 12 75 12 76 12 77 12 78 12 79 12 80 14 81 12 82 12 83 12 84 12 85 12 86 12 87 12 88 12 89 13 90 12 91 12 92 12 93 7 94 6 95 7 96 8 97 9 98 6
1 14 2 14 3 12 4 12 5 12 6 15 7 12 8 14 9 12 10 12 11 12 12 12 13 12 14 14 15 12 16 12 17 15 18 12 19 12 20 12 21 13 22 12 23 12 24 12 25 12 26 12 27 14 28 12 29 14 30 14 31 12 32 12 33 14 34 12 35 12 36 12 37 14 38 12 39 12 40 12 41 12 42 12 43 12 44 12 45 12 46 12 47 14 48 12 49 14 50 12 51 12 52 12 53 12 54 14 55 12 56 14 57 12 58 6 59 12 60 12 61 12 62 12 63 12 64 12 65 12 66 13 67 12 68 12 69 12 70 14 71 12 72 13 73 12 74 12 75 12 76 12 77 12 78 12 79 12 80 14 81 12 82 12 83 12 84 12 85 12 86 12 87 12 88 14 89 13 90 12 91 12 92 12 93 7 94 6 95 7 96 8 97 9 98 6
1 12 2 12 3 12 4 12 5 12 6 15 7 12 8 14 9 12 10 12 11 12 12 12 13 12 14 14 15 12 16 12 17 15 18 12 19 12 20 12 21 12 22 12 23 12 24 12 25 12 26 12 27 14 28 12 29 14 30 12 31 12 32 12 33 14 34 12 35 12 36 12 37 14 38 12 39 12 40 12 41 12 42 12 43 12 44 12 45 12 46 12 47 14 48 12 49 14 50 12 51 12 52 12 53 12 54 14 55 12 56 14 57 12 58 12 59 6 60 12 61 13 62 12 63 12 64 12 65 12 66 13 67 12 68 12 69 12 70 14 71 12 72 13 73 12 74 12 75 12 76 12 77 12 78 12 79 12 80 14 81 12 82 12 83 12 84 12 85 12 86 12 87 12 88 12 89 13 90 12 91 12 92 12 93 7 94 6 95 7 96 8 97 9 98 6
1 12 2 12 3 12 4 12 5 12 6 15 7 12 8 14 9 12 10 12 11 12 12 12 13 12 14 14 15 12 16 12 17 15 18 12 19 12 20 12 21 12 22 12 23 12 24 12 25 12 26 12 27 14 28 12 29 14 30 12 31 12 32 12 33 14 34 12 35 12 36 12 37 14 38 12 39 12 40 12 41 12 42 12 43 12 44 12 45 12 46 12 47 14 48 12 49 14 50 12 51 12 52 12 53 12 54 14 55 12 56 14 57 12 58 12 59 12 60 6 61 12 62 13 63 12 64 12 65 12 66 13 67 12 68 12 69 12 70 14 71 12 72 13 73 12 74 13 75 12 76 12 77 12 78 12 79 12 80 14 81 12 82 12 83 12 84 12 85 12 86 12 87 12 88 12 89 13 90 12 91 13 92 12 93 7 94 6 95 7 96 8 97 9 98 6
1 12 2 12 3 12 4 12 5 12 6 15 7 12 8 14 9 12 10 12 11 12 12 13 13 12 14 14 15 12 16 12 17 15 18 12 19 13 20 13 21 12 22 12 23 13 24 12 25 12 26 12 27 14 28 12 29 14 30 12 31 12 32 13 33 14 34 12 35 12 36 13 37 14 38 12 39 12 40 12 41 12 42 12 43 12 44 12 45 12 46 12 47 14 48 12 49 14 50 13 51 12 52 12 53 13 54 14 55 12 56 14 57 12 58 12 59 13 60 12 61 6 62 12 63 12 64 12 65 12 66 13 67 13 68 12 69 12 70 14 71 12 72 13 73 12 74 12 75 12 76 12 77 12 78 12 79 12 80 14 81 12 82 12 83 12 84 12 85 12 86 12 87 12 88 12 89 13 90 12 91 12 92 12 93 7 94 6 95 7 96 8 97 9 98 6
1 12 2 12 3 12 4 12 5 12 6 15 7 12 8 14 9 12 10 12 11 12 12 12 13 12 14 14 15 12 16 12 17 15 18 12 19 12 20 12 21 12 22 12 23 12 24 12 25 12 26 12 27 14 28 12 29 14 30 12 31 12 32 12 33 14 34 12 35 12 36 12 37 14 38 12 39 12 40 12 41 12 42 12 43 12 44 12 45 12 46 12 47 14 48 12 49 14 50 12 51 12 52 12 53 12 54 14 55 12 56 14 57 12 58 12 59 12 60 13 61 12 62 6 63 12 64 12 65 12 66 13 67 12 68 12 69 12 70 14 71 12 72 13 73 12 74 12 75 12 76 12 77 12 78 12 79 12 80 14 81 12 82 12 83 12 84 12 85 12 86 12 87 12 88 12 89 13 90 12 91 12 92 12 93 7 94 6 95 7 96 8 97 9 98 6
1 12 2 12 3 12 4 12 5 12 6 15 7 12 8 14 9 12 10 12 11 12 12 12 13 12 14 14 15 12 16 12 17 15 18 12 19 12 20 12 21 12 22 12 23 12 24 12 25 12 26 12 27 14 28 12 29 14 30 12 31 12 32 12 33 14 34 12 35 12 36 12 37 14 38 12 39 12 40 13 41 12 42 12 43 12 44 12 45 12 46 12 47 14 48 12 49 14 50 12 51 12 52 12 53 12 54 14 55 12 56 14 57 12 58 12 59 12 60 12 61 12 62 12 63 6 64 12 65 12 66 13 67 12 68 12 69 12 70 14 71 13 72 13 73 12 74 12 75 12 76 12 77 12 78 12 79 12 80 14 81 12 82 12 83 12 84 12 85 12 86 12 87 12 88 12 89 13 90 12 91 12 92 12 93 7 94 6 95 7 96 8 97 9 98 6
1 12 2 12 3 12 4 12 5 12 6 15 7 12 8 14 9 13 10 13 11 12 12 12 13 12 14 16 15 12 16 12 17 15 18 12 19 12 20 12 21 13 22 12 23 12 24 13 25 12 26 12 27 14 28 12 29 14 30 12 31 12 32 12 33 14 34 12 35 12 36 12 37 14 38 12 39 12 40 12 41 12 42 12 43 12 44 12 45 12 46 12 47 14 48 12 49 14 50 12 51 12 52 12 53 12 54 14 55 12 56 14 57 12 58 12 59 12 60 12 61 12 62 12 63 12 64 6 65 12 66 13 67 12 68 12 69 12 70 14 71 12 72 13 73 12 74 12 75 12 76 12 77 12 78 12 79 12 80 14 81 13 82 12 83 12 84 12 85 12 86 12 87 12 88 12 89 13 90 12 91 12 92 12 93 7 94 6 95 7 96 8 97 9 98 6
1 12 2 12 3 12 4 12 5 12 6 15 7 12 8 14 9 12 10 12 11 12 12 12 13 12 14 14 15 13 16 12 17 15 18 12 19 12 20 12 21 12 22 12 23 12 24 12 25 12 26 12 27 14 28 12 29 14 30 12 31 12 32 12 33 14 34 12 35 12 36 12 37 14 38 12 39 12 40 12 41 12 42 12 43 12 44 12 45 12 46 12 47 14 48 12 49 14 50 12 51 12 52 12 53 12 54 14 55 12 56 14 57 12 58 12 59 12 60 12 61 12 62 12 63 12 64 12 65 6 66 13 67 12 68 12 69 12 70 14 71 12 72 13 73 12 74 12 75 12 76 12 77 12 78 12 79 12 80 14 81 12 82 12 83 12 84 12 85 12 86 12 87 12 88 12 89 13 90 12 91 12 92 12 93 7 94 6 95 7 96 8 97 9 98 6
1 13 2 13 3 13 4 13 5 13 6 16 7 13 8 15 9 13 10 13 11 13 12 13 13 13 14 15 15 13 16 13 17 16 18 13 19 13 20 13 21 13 22 13 23 13 24 13 25 13 26 13 27 15 28 13 29 15 30 13 31 13 32 13 33 15 34 13 35 13 36 13 37 15 38 13 39 13 40 13 41 13 42 13 43 13 44 13 45 13 46 13 47 15 48 13 49 15 50 13 51 13 52 13 53 13 54 15 55 13 56 15 57 13 58 13 59 13 60 13 61 13 62 13 63 13 64 13 65 13 66 7 67 13 68 13 69 13 70 15 71 13 72 14 73 13 74 13 75 13 76 13 77 13 78 13 79 13 80 15 81 13 82 13 83 13 84 13 85 13 86 14 87 13 88 13 89 14 90 13 91 13 92 13 93 7 94 6 95 7 96 8 97 9 98 6
1 12 2 12 3 12 4 12 5 12 6 15 7 12 8 14 9 12 10 12 11 12 12 12 13 12 14 14 15 12 16 12 17 15 18 12 19 12 20 12 21 12 22 12 23 12 24 12 25 12 26 12 27 14 28 12 29 14 30 12 31 12 32 12 33 14 34 12 35 12 36 12 37 14 38 12 39 12 40 12 41 12 42 12 43 12 44 12 45 12 46 12 47 14 48 12 49 14 50 12 51 12 52 12 53 12 54 14 55 12 56 14 57 12 58 12 59 12 60 12 61 13 62 12 63 12 64 12 65 12 66 13 67 6 68 12 69 12 70 14 71 12 72 13 73 12 74 12 75 12 76 12 77 12 78 12 79 12 80 14 81 12 82 12 83 12 84 12 85 12 86 12 87 12 88 12 89 13 90 12 91 12 92 12 93 7 94 6 95 7 96 8 97 9 98 6
1 12 2 12 3 12 4 12 5 12 6 15 7 12 8 14 9 12 10 12 11 12 12 12 13 12 14 14 15 12 16 12 17 15 18 12 19 12 20 12 21 12 22 12 23 12 24 12 25 12 26 12 27 14 28 12 29 14 30 12 31 12 32 12 33 14 34 12 35 12 36 12 37 14 38 12 39 12 40 12 41 12 42 12 43 12 44 12 45 12 46 12 47 14 48 12 49 14 50 12 51 12 52 12 53 12 54 14 55 12 56 14 57 12 58 12 59 12 60 12 61 12 62 12 63 12 64 12 65 12 66 13 67 12 68 6 69 12 70 14 71 12 72 13 73 12 74 12 75 12 76 14 77 12 78 12 79 12 80 14 81 13 82 12 83 12 84 14 85 12 86 12 87 12 88 12 89 13 90 12 91 12 92 12 93 7 94 6 95 7 96 8 97 9 98 6
1 12 2 12 3 12 4 12 5 12 6 15 7 12 8 14 9 12 10 12 11 12 12 12 13 12 14 14 15 12 16 12 17 15 18 12 19 12 20 12 21 12 22 12 23 12 24 12 25 12 26 12 27 14 28 12 29 14 30 12 31 12 32 12 33 14 34 12 35 12 36 12 37 14 38 12 39 12 40 12 41 12 42 12 43 12 44 12 45 12 46 12 47 14 48 12 49 14 50 12 51 12 52 12 53 12 54 14 55 12 56 14 57 12 58 12 59 12 60 12 61 12 62 12 63 12 64 12 65 12 66 13 67 12 68 12 69 6 70 14 71 12 72 13 73 12 74 12 75 12 76 12 77 12 78 12 79 12 80 14 81 12 82 12 83 12 84 12 85 12 86 12 87 12 88 12 89 13 90 12 91 12 92 12 93 7 94 6 95 7 96 8 97 9 98 6
1 14 2 14 3 14 4 14 5 14 6 17 7 14 8 16 9 14 10 14 11 14 12 14 13 14 14 16 15 14 16 14 17 17 18 14 19 14 20 14 21 14 22 14 23 14 24 14 25 14 26 14 27 16 28 14 29 16 30 14 31 14 32 14 33 16 34 14 35 14 36 14 37 16 38 14 39 14 40 14 41 14 42 14 43 14 44 14 45 14 46 14 47 16 48 14 49 16 50 14 51 14 52 14 53 14 54 16 55 14 56 16 57 14 58 14 59 14 60 14 61 14 62 14 63 14 64 14 65 14 66 15 67 14 68 14 69 14 70 8 71 14 72 15 73 14 74 14 75 14 76 14 77 14 78 14 79 14 80 16 81 14 82 14 83 14 84 14 85 14 86 15 87 14 88 14 89 15 90 14 91 14 92 14 93 8 94 7 95 8 96 9 97 10 98 7
1 12 2 12 3 12 4 12 5 12 6 15 7 12 8 14 9 12 10 12 11 12 12 12 13 12 14 14 15 12 16 12 17 15 18 12 19 12 20 12 21 12 22 12 23 12 24 12 25 12 26 12 27 14 28 12 29 14 30 12 31 12 32 12 33 14 34 12 35 12 36 12 37 14 38 12 39 12 40 12 41 12 42 12 43 12 44 12 45 12 46 12 47 14 48 12 49 14 50 12 51 12 52 13 53 12 54 14 55 12 56 14 57 12 58 12 59 12 60 12 61 12 62 12 63 13 64 12 65 12 66 13 67 12 68 12 69 12 70 14 71 6 72 13 73 12 74 12 75 12 76 12 77 12 78 12 79 12 80 14 81 12 82 12 83 12 84 12 85 12 86 12 87 12 88 12 89 13 90 12 91 12 92 12 93 7 94 6 95 7 96 8 97 9 98 6
1 13 2 13 3 13 4 13 5 13 6 16 7 13 8 15 9 13 10 13 11 13 12 13 13 13 14 15 15 13 16 13 17 16 18 13 19 13 20 13 21 13 22 13 23 13 24 13 25 13 26 13 27 15 28 13 29 15 30 13 31 13 32 13 33 15 34 13 35 13 36 13 37 15 38 13 39 13 40 14 41 13 42 13 43 13 44 13 45 13 46 13 47 15 48 13 49 15 50 13 51 13 52 13 53 13 54 15 55 13 56 15 57 13 58 13 59 13 60 13 61 13 62 13 63 13 64 13 65 13 66 14 67 13 68 13 69 13 70 15 71 13 72 7 73 13 74 14 75 13 76 13 77 13 78 13 79 13 80 15 81 13 82 13 83 13 84 13 85 13 86 13 87 13 88 13 89 14 90 13 91 13 92 13 93 7 94 6 95 7 96 8 97 9 98 6
1 12 2 12 3 14 4 12 5 12 6 15 7 12 8 14 9 12 10 13 11 14 12 12 13 12 14 14 15 12 16 12 17 15 18 12 19 12 20 12 21 12 22 12 23 12 24 12 25 12 26 12 27 14 28 12 29 14 30 12 31 12 32 12 33 14 34 12 35 12 36 12 37 14 38 12 39 12 40 12 41 12 42 12 43 12 44 12 45 12 46 12 47 14 48 12 49 14 50 12 51 12 52 12 53 12 54 14 55 12 56 14 57 12 58 12 59 12 60 12 61 12 62 12 63 12 64 12 65 12 66 13 67 12 68 12 69 12 70 14 71 12 72 13 73 6 74 12 75 12 76 12 77 12 78 12 79 12 80 14 81 12 82 12 83 12 84 12 85 12 86 12 87 12 88 12 89 13 90 12 91 12 92 14 93 7 94 6 95 7 96 8 97 9 98 6
1 12 2 12 3 12 4 12 5 12 6 15 7 12 8 14 9 12 10 12 11 12 12 12 13 12 14 14 15 13 16 12 17 15 18 12 19 12 20 12 21 12 22 12 23 12 24 12 25 12 26 12 27 14 28 12 29 14 30 12 31 12 32 12 33 14 34 12 35 12 36 12 37 14 38 12 39 13 40 12 41 13 42 12 43 12 44 12 45 12 46 12 47 14 48 12 49 14 50 12 51 12 52 12 53 12 54 14 55 12 56 14 57 12 58 12 59 12 60 13 61 12 62 12 63 12 64 12 65 12 66 13 67 12 68 12 69 12 70 14 71 12 72 14 73 12 74 6 75 13 76 12 77 12 78 12 79 12 80 14 81 12 82 12 83 12 84 12 85 12 86 12 87 13 88 12 89 13 90 12 91 12 92 12 93 7 94 6 95 7 96 8 97 9 98 6
1 12 2 12 3 12 4 13 5 12 6 15 7 12 8 14 9 12 10 12 11 12 12 12 13 12 14 14 15 12 16 12 17 15 18 12 19 12 20 12 21 12 22 12 23 12 24 12 25 12 26 12 27 14 28 12 29 14 30 12 31 12 32 12 33 14 34 12 35 12 36 12 37 14 38 12 39 12 40 12 41 12 42 12 43 12 44 12 45 12 46 12 47 14 48 12 49 14 50 12 51 12 52 12 53 12 54 14 55 12 56 14 57 12 58 12 59 12 60 12 61 12 62 12 63 12 64 12 65 12 66 13 67 12 68 12 69 12 70 14 71 12 72 13 73 12 74 13 75 6 76 12 77 12 78 12 79 12 80 14 81 12 82 12 83 13 84 12 85 12 86 12 87 12 88 12 89 13 90 12 91 12 92 12 93 7 94 6 95 7 96 8 97 9 98 6
1 12 2 12 3 12 4 12 5 12 6 15 7 12 8 14 9 12 10 12 11 12 12 12 13 12 14 14 15 12 16 12 17 15 18 12 19 12 20 12 21 12 22 12 23 12 24 12 25 12 26 12 27 14 28 12 29 14 30 12 31 12 32 12 33 14 34 12 35 12 36 12 37 14 38 12 39 12 40 12 41 12 42 12 43 12 44 12 45 12 46 12 47 14 48 12 49 14 50 12 51 13 52 12 53 12 54 14 55 12 56 14 57 12 58 12 59 12 60 12 61 12 62 12 63 12 64 12 65 12 66 13 67 12 68 14 69 12 70 14 71 12 72 13 73 12 74 12 75 12 76 6 77 12 78 12 79 12 80 14 81 13 82 12 83 12 84 14 85 12 86 12 87 12 88 12 89 13 90 13 91 12 92 12 93 7 94 6 95 7 96 8 97 9 98 6
1 12 2 12 3 12 4 12 5 12 6 15 7 12 8 14 9 13 10 12 11 12 12 12 13 12 14 14 15 12 16 12 17 15 18 12 19 12 20 12 21 12 22 12 23 12 24 12 25 12 26 12 27 14 28 12 29 14 30 12 31 14 32 12 33 14 34 14 35 14 36 12 37 14 38 12 39 12 40 12 41 12 42 12 43 12 44 12 45 12 46 12 47 14 48 12 49 14 50 12 51 12 52 12 53 12 54 14 55 12 56 14 57 12 58 12 59 12 60 12 61 12 62 12 63 12 64 12 65 12 66 13 67 12 68 12 69 12 70 14 71 12 72 13 73 12 74 12 75 12 76 12 77 6 78 12 79 12 80 14 81 12 82 12 83 12 84 12 85 14 86 12 87 12 88 12 89 13 90 12 91 12 92 12 93 7 94 6 95 7 96 8 97 9 98 6
1 12 2 12 3 12 4 12 5 12 6 15 7 12 8 14 9 12 10 12 11 12 12 12 13 12 14 14 15 12 16 12 17 15 18 12 19 12 20 12 21 12 22 12 23 12 24 12 25 12 26 12 27 14 28 12 29 14 30 12 31 12 32 12 33 14 34 12 35 12 36 12 37 14 38 12 39 12 40 12 41 12 42 12 43 12 44 12 45 12 46 12 47 14 48 12 49 15 50 12 51 12 52 12 53 12 54 14 55 12 56 14 57 12 58 12 59 12 60 12 61 12 62 12 63 12 64 12 65 12 66 13 67 12 68 12 69 12 70 14 71 12 72 13 73 12 74 12 75 12 76 12 77 12 78 6 79 12 80 14 81 12 82 12 83 12 84 12 85 12 86 12 87 12 88 12 89 13 90 12 91 12 92 12 93 7 94 6 95 7 96 8 97 9 98 6
1 12 2 12 3 12 4 12 5 12 6 15 7 12 8 14 9 12 10 12 11 12 12 12 13 12 14 14 15 12 16 12 17 15 18 12 19 12 20 12 21 12 22 12 23 12 24 12 25 12 26 12 27 14 28 12 29 14 30 12 31 12 32 12 33 14 34 12 35 12 36 12 37 14 38 12 39 12 40 12 41 12 42 12 43 12 44 12 45 12 46 12 47 14 48 12 49 14 50 12 51 12 52 12 53 12 54 14 55 12 56 14 57 12 58 12 59 12 60 12 61 12 62 12 63 12 64 12 65 12 66 13 67 12 68 12 69 12 70 14 71 12 72 13 73 12 74 12 75 12 76 12 77 12 78 12 79 6 80 14 81 12 82 13 83 12 84 12 85 12 86 12 87 12 88 12 89 13 90 12 91 12 92 12 93 7 94 6 95 7 96 8 97 9 98 6
1 14 2 14 3 14 4 14 5 14 6 17 7 14 8 16 9 14 10 14 11 14 12 14 13 14 14 16 15 14 16 14 17 17 18 14 19 14 20 14 21 14 22 14 23 14 24 14 25 14 26 14 27 16 28 14 29 16 30 14 31 14 32 14 33 16 34 14 35 14 36 14 37 16 38 14 39 14 40 14 41 14 42 14 43 14 44 14 45 14 46 14 47 16 48 14 49 16 50 14 51 14 52 14 53 14 54 16 55 14 56 16 57 14 58 14 59 14 60 14 61 14 62 14 63 14 64 14 65 14 66 15 67 14 68 14 69 14 70 16 71 14 72 15 73 14 74 14 75 14 76 14 77 14 78 14 79 14 80 8 81 14 82 14 83 14 84 14 85 14 86 15 87 14 88 14 89 15 90 14 91 14 92 14 93 8 94 7 95 8 96 9 97 10 98 7
1 12 2 12 3 12 4 12 5 12 6 15 7 12 8 14 9 14 10 14 11 12 12 12 13 12 14 14 15 12 16 12 17 15 18 12 19 12 20 12 21 14 22 12 23 12 24 14 25 12 26 12 27 14 28 12 29 14 30 12 31 12 32 12 33 14 34 12 35 12 36 12 37 14 38 12 39 12 40 12 41 12 42 12 43 12 44 12 45 12 46 12 47 14 48 12 49 14 50 12 51 12 52 12 53 12 54 14 55 12 56 14 57 12 58 12 59 12 60 12 61 12 62 12 63 12 64 13 65 12 66 13 67 12 68 13 69 12 70 14 71 12 72 13 73 12 74 12 75 12 76 13 77 12 78 12 79 12 80 14 81 6 82 12 83 12 84 13 85 12 86 12 87 12 88 12 89 13 90 12 91 12 92 12 93 7 94 6 95 7 96 8 97 9 98 6
1 12 2 12 3 12 4 12 5 12 6 15 7 12 8 14 9 12 10 12 11 12 12 12 13 12 14 14 15 12 16 12 17 15 18 12 19 12 20 12 21 12 22 12 23 12 24 12 25 12 26 12 27 14 28 12 29 14 30 12 31 12 32 12 33 14 34 12 35 12 36 12 37 14 38 12 39 12 40 13 41 12 42 12 43 12 44 12 45 12 46 12 47 14 48 12 49 14 50 12 51 12 52 12 53 12 54 14 55 12 56 14 57 12 58 12 59 12 60 12 61 12 62 12 63 12 64 12 65 12 66 13 67 12 68 12 69 12 70 14 71 12 72 13 73 12 74 12 75 12 76 12 77 12 78 12 79 13 80 14 81 12 82 6 83 12 84 12 85 12 86 12 87 12 88 12 89 13 90 12 91 12 92 12 93 7 94 6 95 7 96 8 97 9 98 6
1 12 2 12 3 12 4 12 5 12 6 15 7 12 8 14 9 12 10 12 11 12 12 12 13 12 14 14 15 12 16 12 17 15 18 12 19 12 20 12 21 12 22 12 23 12 24 12 25 12 26 12 27 14 28 12 29 14 30 12 31 12 32 12 33 14 34 12 35 12 36 12 37 14 38 12 39 12 40 12 41 12 42 12 43 12 44 12 45 12 46 12 47 14 48 12 49 14 50 12 51 12 52 12 53 12 54 14 55 12 56 14 57 12 58 12 59 12 60 12 61 12 62 12 63 12 64 12 65 12 66 13 67 12 68 12 69 12 70 14 71 12 72 13 73 12 74 12 75 13 76 12 77 12 78 12 79 12 80 14 81 12 82 12 83 6 84 12 85 12 86 12 87 12 88 12 89 13 90 12 91 12 92 12 93 7 94 6 95 7 96 8 97 9 98 6
1 12 2 12 3 12 4 12 5 12 6 15 7 12 8 14 9 12 10 12 11 12 12 12 13 12 14 14 15 12 16 12 17 15 18 12 19 12 20 12 21 12 22 12 23 12 24 12 25 12 26 12 27 14 28 12 29 14 30 12 31 12 32 12 33 14 34 12 35 12 36 12 37 14 38 12 39 12 40 12 41 12 42 12 43 12 44 12 45 12 46 12 47 14 48 12 49 14 50 12 51 12 52 12 53 12 54 14 55 12 56 14 57 12 58 12 59 12 60 12 61 12 62 12 63 12 64 12 65 12 66 13 67 12 68 14 69 12 70 14 71 12 72 13 73 12 74 12 75 12 76 14 77 12 78 12 79 12 80 14 81 13 82 12 83 12 84 6 85 12 86 12 87 12 88 12 89 13 90 12 91 12 92 12 93 7 94 6 95 7 96 8 97 9 98 6
1 12 2 12 3 12 4 12 5 12 6 15 7 12 8 14 9 13 10 12 11 12 12 12 13 12 14 14 15 12 16 12 17 15 18 12 19 12 20 12 21 12 22 12 23 12 24 12 25 12 26 12 27 14 28 12 29 14 30 12 31 14 32 12 33 14 34 14 35 14 36 12 37 14 38 12 39 12 40 12 41 12 42 12 43 12 44 12 45 12 46 12 47 14 48 12 49 14 50 12 51 12 52 12 53 12 54 14 55 12 56 14 57 12 58 12 59 12 60 12 61 12 62 12 63 12 64 12 65 12 66 13 67 12 68 12 69 12 70 14 71 12 72 13 73 12 74 12 75 12 76 12 77 14 78 12 79 12 80 14 81 12 82 12 83 12 84 12 85 6 86 12 87 12 88 12 89 13 90 12 91 12 92 12 93 7 94 6 95 7 96 8 97 9 98 6
1 12 2 12 3 12 4 12 5 12 6 15 7 12 8 14 9 12 10 12 11 12 12 12 13 12 14 14 15 12 16 12 17 15 18 12 19 12 20 12 21 12 22 12 23 12 24 12 25 12 26 12 27 14 28 12 29 14 30 12 31 12 32 12 33 14 34 12 35 12 36 12 37 15 38 12 39 12 40 12 41 12 42 12 43 12 44 12 45 13 46 12 47 15 48 12 49 15 50 12 51 12 52 12 53 12 54 14 55 12 56 14 57 12 58 12 59 12 60 12 61 12 62 12 63 12 64 12 65 12 66 14 67 12 68 12 69 12 70 15 71 12 72 13 73 12 74 12 75 12 76 12 77 12 78 12 79 12 80 15 81 12 82 12 83 12 84 12 85 12 86 6 87 12 88 12 89 14 90 12 91 12 92 12 93 7 94 6 95 7 96 8 97 11 98 6
1 12 2 12 3 12 4 12 5 12 6 15 7 12 8 14 9 12 10 12 11 12 12 12 13 12 14 14 15 12 16 12 17 15 18 12 19 12 20 12 21 12 22 12 23 12 24 12 25 12 26 12 27 14 28 12 29 14 30 12 31 12 32 12 33 14 34 12 35 12 36 12 37 14 38 12 39 12 40 12 41 12 42 13 43 12 44 12 45 12 46 12 47 14 48 13 49 14 50 12 51 12 52 12 53 12 54 14 55 12 56 14 57 12 58 12 59 12 60 12 61 12 62 12 63 12 64 12 65 12 66 13 67 12 68 12 69 12 70 14 71 12 72 13 73 12 74 13 75 12 76 12 77 12 78 12 79 12 80 14 81 12 82 12 83 12 84 12 85 12 86 12 87 6 88 12 89 13 90 12 91 12 92 12 93 7 94 6 95 7 96 8 97 9 98 6
1 14 2 14 3 12 4 12 5 12 6 15 7 12 8 14 9 12 10 12 11 12 12 12 13 12 14 14 15 12 16 12 17 15 18 12 19 12 20 12 21 13 22 12 23 12 24 12 25 12 26 12 27 14 28 12 29 14 30 14 31 12 32 12 33 14 34 12 35 12 36 12 37 14 38 12 39 12 40 12 41 12 42 12 43 12 44 12 45 12 46 12 47 14 48 12 49 14 50 12 51 12 52 12 53 12 54 14 55 12 56 14 57 12 58 14 59 12 60 12 61 12 62 12 63 12 64 12 65 12 66 13 67 12 68 12 69 12 70 14 71 12 72 13 73 12 74 12 75 12 76 12 77 12 78 12 79 12 80 14 81 12 82 12 83 12 84 12 85 12 86 12 87 12 88 6 89 13 90 12 91 12 92 12 93 7 94 6 95 7 96 8 97 9 98 6
1 13 2 13 3 13 4 13 5 13 6 16 7 13 8 15 9 13 10 13 11 13 12 13 13 13 14 15 15 13 16 13 17 16 18 13 19 13 20 13 21 13 22 13 23 13 24 13 25 13 26 13 27 15 28 13 29 15 30 13 31 13 32 13 33 15 34 13 35 13 36 13 37 15 38 13 39 13 40 13 41 13 42 13 43 13 44 13 45 13 46 13 47 15 48 13 49 15 50 13 51 13 52 13 53 13 54 15 55 13 56 15 57 13 58 13 59 13 60 13 61 13 62 13 63 13 64 13 65 13 66 14 67 13 68 13 69 13 70 15 71 13 72 14 73 13 74 13 75 13 76 13 77 13 78 13 79 13 80 15 81 13 82 13 83 13 84 13 85 13 86 14 87 13 88 13 89 7 90 13 91 13 92 13 93 7 94 6 95 7 96 8 97 9 98 6
1 12 2 12 3 12 4 12 5 12 6 15 7 12 8 14 9 12 10 12 11 12 12 12 13 12 14 14 15 12 16 12 17 15 18 12 19 12 20 12 21 12 22 12 23 12 24 12 25 12 26 12 27 14 28 12 29 14 30 12 31 12 32 12 33 14 34 12 35 12 36 12 37 14 38 12 39 12 40 12 41 12 42 12 43 12 44 12 45 12 46 12 47 14 48 12 49 14 50 12 51 14 52 12 53 12 54 14 55 12 56 14 57 12 58 12 59 12 60 12 61 12 62 12 63 12 64 12 65 12 66 13 67 12 68 12 69 12 70 14 71 12 72 13 73 12 74 12 75 12 76 13 77 12 78 12 79 12 80 14 81 12 82 12 83 12 84 12 85 12 86 12 87 12 88 12 89 13 90 6 91 12 92 12 93 7 94 6 95 7 96 8 97 9 98 6
1 12 2 12 3 12 4 12 5 12 6 15 7 12 8 14 9 12 10 12 11 12 12 12 13 12 14 14 15 12 16 12 17 15 18 12 19 12 20 12 21 12 22 12 23 12 24 12 25 12 26 12 27 14 28 12 29 14 30 12 31 12 32 12 33 14 34 12 35 12 36 12 37 14 38 12 39 12 40 12 41 12 42 12 43 12 44 12 45 12 46 12 47 14 48 12 49 14 50 12 51 12 52 12 53 12 54 14 55 12 56 14 57 12 58 12 59 12 60 13 61 12 62 12 63 12 64 12 65 12 66 13 67 12 68 12 69 12 70 14 71 12 72 13 73 12 74 12 75 12 76 12 77 12 78 12 79 12 80 14 81 12 82 12 83 12 84 12 85 12 86 12 87 12 88 12 89 13 90 12 91 6 92 12 93 7 94 6 95 7 96 8 97 9 98 6
1 12 2 12 3 14 4 12 5 12 6 15 7 12 8 14 9 12 10 13 11 14 12 12 13 12 14 14 15 12 16 12 17 15 18 12 19 12 20 12 21 12 22 12 23 12 24 12 25 12 26 12 27 14 28 12 29 14 30 12 31 12 32 12 33 14 34 12 35 12 36 12 37 14 38 12 39 12 40 12 41 12 42 12 43 12 44 12 45 12 46 12 47 14 48 12 49 14 50 12 51 12 52 12 53 12 54 14 55 12 56 14 57 12 58 12 59 12 60 12 61 12 62 12 63 12 64 12 65 12 66 13 67 12 68 12 69 12 70 14 71 12 72 13 73 14 74 12 75 12 76 12 77 12 78 12 79 12 80 14 81 12 82 12 83 12 84 12 85 12 86 12 87 12 88 12 89 13 90 12 91 12 92 6 93 7 94 6 95 7 96 8 97 9 98 6
1 7 2 7 3 7 4 7 5 7 6 8 7 7 8 8 9 7 10 7 11 7 12 7 13 7 14 8 15 7 16 7 17 9 18 7 19 7 20 7 21 7 22 7 23 7 24 7 25 7 26 7 27 8 28 7 29 8 30 7 31 7 32 7 33 8 34 7 35 7 36 7 37 8 38 7 39 7 40 7 41 7 42 7 43 7 44 7 45 7 46 7 47 8 48 7 49 8 50 7 51 7 52 7 53 7 54 8 55 7 56 8 57 7 58 7 59 7 60 7 61 7 62 7 63 7 64 7 65 7 66 7 67 7 68 7 69 7 70 8 71 7 72 7 73 7 74 7 75 7 76 7 77 7 78 7 79 7 80 8 81 7 82 7 83 7 84 7 85 7 86 7 87 7 88 7 89 7 90 7 91 7 92 7
1 6 2 6 3 6 4 6 5 6 6 7 7 6 8 7 9 6 10 6 11 6 12 6 13 6 14 7 15 6 16 6 17 8 18 6 19 6 20 6 21 6 22 6 23 6 24 6 25 6 26 6 27 7 28 6 29 7 30 6 31 6 32 6 33 7 34 6 35 6 36 6 37 7 38 6 39 6 40 6 41 6 42 6 43 6 44 6 45 6 46 6 47 7 48 6 49 7 50 6 51 6 52 6 53 6 54 7 55 6 56 7 57 6 58 6 59 6 60 6 61 6 62 6 63 6 64 6 65 6 66 6 67 6 68 6 69 6 70 7 71 6 72 6 73 6 74 6 75 6 76 6 77 6 78 6 79 6 80 7 81 6 82 6 83 6 84 6 85 6 86 6 87 6 88 6 89 6 90 6 91 6 92 6
1 7 2 7 3 7 4 7 5 7 6 8 7 7 8 8 9 7 10 7 11 7 12 7 13 7 14 8 15 7 16 7 17 9 18 7 19 7 20 7 21 7 22 7 23 7 24 7 25 7 26 7 27 8 28 7 29 8 30 7 31 7 32 7 33 8 34 7 35 7 36 7 37 8 38 7 39 7 40 7 41 7 42 7 43 7 44 7 45 7 46 7 47 8 48 7 49 8 50 7 51 7 52 7 53 7 54 8 55 7 56 8 57 7 58 7 59 7 60 7 61 7 62 7 63 7 64 7 65 7 66 7 67 7 68 7 69 7 70 8 71 7 72 7 73 7 74 7 75 7 76 7 77 7 78 7 79 7 80 8 81 7 82 7 83 7 84 7 85 7 86 7 87 7 88 7 89 7 90 7 91 7 92 7
1 8 2 8 3 8 4 8 5 8 6 9 7 8 8 9 9 8 10 8 11 8 12 8 13 8 14 9 15 8 16 8 17 10 18 8 19 8 20 8 21 8 22 8 23 8 24 8 25 8 26 8 27 9 28 8 29 9 30 8 31 8 32 8 33 9 34 8 35 8 36 8 37 9 38 8 39 8 40 8 41 8 42 8 43 8 44 8 45 8 46 8 47 9 48 8 49 9 50 8 51 8 52 8 53 8 54 9 55 8 56 9 57 8 58 8 59 8 60 8 61 8 62 8 63 8 64 8 65 8 66 8 67 8 68 8 69 8 70 9 71 8 72 8 73 8 74 8 75 8 76 8 77 8 78 8 79 8 80 9 81 8 82 8 83 8 84 8 85 8 86 8 87 8 88 8 89 8 90 8 91 8 92 8
1 9 2 9 3 9 4 9 5 9 6 10 7 9 8 10 9 9 10 9 11 9 12 9 13 9 14 10 15 9 16 9 17 11 18 9 19 9 20 9 21 9 22 9 23 9 24 9 25 9 26 9 27 10 28 9 29 10 30 9 31 9 32 9 33 10 34 9 35 9 36 9 37 10 38 9 39 9 40 9 41 9 42 9 43 9 44 9 45 9 46 9 47 10 48 9 49 10 50 9 51 9 52 9 53 9 54 10 55 9 56 10 57 9 58 9 59 9 60 9 61 9 62 9 63 9 64 9 65 9 66 9 67 9 68 9 69 9 70 10 71 9 72 9 73 9 74 9 75 9 76 9 77 9 78 9 79 9 80 10 81 9 82 9 83 9 84 9 85 9 86 11 87 9 88 9 89 9 90 9 91 9 92 9
1 6 2 6 3 6 4 6 5 6 6 7 7 6 8 7 9 6 10 6 11 6 12 6 13 6 14 7 15 6 16 6 17 8 18 6 19 6 20 6 21 6 22 6 23 6 24 6 25 6 26 6 27 7 28 6 29 7 30 6 31 6 32 6 33 7 34 6 35 6 36 6 37 7 38 6 39 6 40 6 41 6 42 6 43 6 44 6 45 6 46 6 47 7 48 6 49 7 50 6 51 6 52 6 53 6 54 7 55 6 56 7 57 6 58 6 59 6 60 6 61 6 62 6 63 6 64 6 65 6 66 6 67 6 68 6 69 6 70 7 71 6 72 6 73 6 74 6 75 6 76 6 77 6 78 6 79 6 80 7 81 6 82 6 83 6 84 6 85 6 86 6 87 6 88 6 89 6 90 6 91 6 92 6
